1 10
100 200
201 210
900 1000
81138 81225
126783 126809
9787 9790
183598 183611
223902 223935
55510 55590
54225 54281
1577 1634
31919 31981
205659 205684
186805 186879
122698 122751
148867 148936
40819 40901
209692 209744
120520 120600
53581 53616
36175 36257
203212 203293
179854 179895
24201 24275
85129 85138
236828 236893
129840 129924
218836 218856
114631 114720
30268 30302
34470 34528
138488 138520
250612 250676
207160 207231
114723 114798
94149 94199
61967 61968
108528 108533
200189 200239
215043 215111
211157 211170
109882 109959
196333 196345
152210 152269
210072 210115
24005 24100
99470 99470
57689 57734
248530 248546
196929 196990
1304 1332
252008 252061
64153 64200
42950 42974
231121 231162
25374 25382
185578 185603
258989 259046
201831 201866
168589 168679
69391 69453
132159 132243
92945 92962
256801 256832
192555 192654
180441 180519
220521 220578
257132 257140
6553 6647
24729 24783
33789 33813
155666 155760
185360 185412
76993 77031
39424 39444
12664 12735
176033 176051
15533 15533
72530 72619
86165 86238
201777 201854
196801 196868
174768 174803
182685 182775
229729 229737
156853 156921
257519 257582
220743 220777
202887 202905
43640 43695
19031 19036
88984 89008
201130 201216
201898 201961
114709 114718
14457 14473
30383 30471
214497 214517
140906 140917
124330 124386
80310 80321
109867 109924
69415 69454
256422 256463
104059 104127
252472 252520
94225 94252
56011 56060
183830 183880
44727 44768
21686 21735
90738 90835
8301 8393
257222 257286
178131 178162
257699 257775
138448 138544
71985 72001
173889 173917
218024 218070
104183 104190
138895 138966
25520 25539
231620 231620
190672 190757
245746 245778
73389 73439
2285 2308
117433 117531
230898 230996
116773 116832
29720 29744
69731 69742
200942 200985
167969 167972
259426 259515
103031 103067
208418 208466
68941 68973
75758 75787
192098 192191
209829 209832
133703 133798
85033 85119
209478 209543
22414 22493
18097 18160
57185 57269
153840 153889
69306 69372
152806 152827
69676 69742
202766 202833
122245 122261
193845 193912
7033 7102
257366 257377
127142 127198
166832 166931
117918 117973
3820 3850
178274 178367
192467 192558
109747 109767
231443 231500
143830 143878
245641 245683
115799 115886
229457 229489
195827 195888
173905 173906
22813 22877
157579 157635
35908 35982
99988 100054
176434 176458
32015 32031
125726 125768
65880 65975
46503 46506
152383 152383
157286 157320
141697 141766
60001 60057
248986 249063
8025 8030
196545 196597
67731 67777
180796 180889
154248 154316
257467 257468
122449 122509
161104 161114
251823 251900
221506 221574
21 35
226517 226601
247626 247641
168249 168323
215082 215090
39168 39208
53696 53729
253947 254034
65550 65603
225068 225119
191240 191332
26194 26260
247731 247754
37578 37584
152140 152226
11450 11535
108686 108780
47325 47379
81894 81970
139652 139736
108523 108555
257941 257942
152390 152460
21504 21553
160200 160221
175595 175644
204821 204878
140843 140912
126944 126987
165676 165713
175363 175416
169102 169189
152950 152994
116074 116135
169859 169928
7534 7594
172404 172478
178459 178482
253076 253078
18447 18519
184393 184469
240431 240523
133689 133777
55335 55353
35408 35448
15430 15495
135994 136024
232678 232775
138816 138861
261645 261696
80192 80199
62771 62791
10367 10440
53103 53181
179051 179070
152434 152489
3451 3474
228370 228404
249851 249864
135630 135677
242574 242586
233889 233940
73448 73465
143225 143245
28888 28946
258797 258878
149762 149797
99534 99582
38511 38560
161430 161518
224189 224218
56719 56736
182442 182538
102637 102653
44508 44515
193267 193282
127184 127211
141363 141428
107291 107358
150754 150765
165171 165232
245261 245305
206832 206930
212919 212976
235289 235359
200762 200831
163927 164020
162831 162835
18283 18376
254376 254427
241592 241627
87730 87754
88367 88400
45122 45133
251539 251618
69695 69774
81141 81159
207356 207397
135465 135532
9028 9045
8195 8243
43801 43890
205128 205204
256349 256384
209958 210023
24059 24080
171937 171941
33896 33962
78740 78779
193821 193864
12752 12807
222702 222765
54186 54283
119723 119814
63903 63958
36119 36124
76399 76497
244222 244223
24410 24449
242795 242890
224865 224891
161633 161693
116501 116567
132820 132840
12406 12466
1234 1261
65871 65908
119052 119142
129708 129804
47566 47568
105384 105477
3567 3626
163606 163660
201167 201184
224073 224121
160242 160296
186530 186614
59309 59365
255262 255308
236130 236189
256628 256720
30683 30757
199159 199237
180413 180433
126368 126465
260336 260365
49521 49556
151392 151425
249549 249601
139000 139087
10091 10109
136129 136155
96832 96893
237510 237515
125424 125436
95475 95492
186719 186771
180264 180354
13751 13759
190458 190466
64369 64455
109728 109728
190410 190440
64874 64936
89393 89481
127151 127238
240975 241023
33963 34025
196575 196575
165614 165634
220828 220860
179764 179785
125104 125185
6993 7011
196418 196492
16832 16880
123958 124026
112534 112619
125539 125625
230042 230126
119141 119143
52274 52360
96186 96275
173635 173646
95568 95635
90473 90527
76051 76071
199656 199744
105978 106016
77869 77913
141957 141994
38896 38925
221263 221307
55998 56005
66697 66712
37448 37458
118946 119013
21666 21733
175960 176056
245750 245848
10264 10325
63638 63705
82173 82252
25328 25411
207799 207866
228404 228438
197899 197922
91386 91448
156589 156668
241678 241729
171280 171345
146980 147043
106705 106766
243216 243257
101806 101866
29907 29931
38759 38850
198386 198440
94696 94696
46941 46981
64767 64836
127965 128040
18359 18397
157542 157603
104592 104651
136091 136106
154059 154088
41812 41869
189575 189635
19142 19193
249709 249799
141308 141353
142596 142615
147257 147309
39120 39210
15501 15591
207401 207420
104410 104462
100675 100678
138566 138645
136885 136966
218996 219087
33441 33514
27420 27420
21551 21602
252254 252312
95614 95693
35441 35465
208968 208971
213360 213430
114754 114827
89832 89889
110184 110262
23629 23682
194052 194079
153983 153983
174709 174740
97593 97612
109502 109594
169024 169065
171578 171653
140170 140207
28410 28413
243259 243263
96166 96208
223324 223328
161193 161284
8789 8852
245257 245331
220094 220149
194615 194668
245958 246020
222771 222870
53189 53281
206422 206426
201184 201271
119205 119290
120905 120942
254822 254860
122852 122950
34353 34425
37622 37721
135046 135113
204781 204866
78831 78861
33181 33276
12523 12523
118485 118504
98403 98493
43280 43323
131744 131841
158538 158616
61531 61538
136422 136496
119320 119382
143056 143133
81163 81190
87077 87127
227091 227133
72226 72314
192447 192526
55082 55090
122404 122445
178121 178201
83097 83140
1345 1376
203723 203729
203647 203725
177183 177264
57322 57332
75056 75080
188034 188116
118913 118980
110287 110337
42682 42753
127639 127720
25778 25800
177957 178039
94145 94218
106845 106845
53193 53283
129941 130001
5931 6027
260028 260089
149370 149412
217476 217549
255585 255595
118504 118526
156334 156425
196214 196300
149161 149223
172003 172020
244432 244445
60977 61030
181752 181818
253676 253730
13870 13958
229719 229775
192918 192974
202918 202932
20667 20707
42429 42497
39473 39520
126462 126541
127580 127594
132680 132737
122243 122331
189536 189550
130356 130382
180965 181004
156192 156264
22767 22819
31827 31838
189866 189962
217947 218024
42747 42816
26747 26750
252723 252794
246109 246189
262028 262121
177576 177595
126144 126168
175105 175182
142207 142268
41906 41963
93283 93382
233526 233572
106019 106112
106393 106456
227956 228037
164383 164387
38668 38677
93736 93828
257352 257362
146291 146373
189248 189268
127657 127663
99400 99413
106786 106868
83937 83976
40492 40566
84649 84721
31127 31221
15085 15167
224411 224465
199718 199768
251601 251666
55637 55655
5492 5536
160896 160979
45938 46022
213508 213540
141249 141348
214215 214289
30227 30298
134585 134609
213228 213285
82596 82614
147758 147819
119732 119745
78579 78646
236676 236754
33550 33578
151231 151326
81015 81092
190827 190878
137984 138017
38406 38410
192955 193036
2982 3047
26486 26582
31759 31810
94657 94694
221927 221936
212038 212064
90298 90315
136823 136913
96511 96589
95000 95093
209417 209508
35582 35585
40825 40909
18147 18177
190656 190676
69709 69727
172141 172210
69062 69140
73766 73838
56113 56158
143992 144009
113065 113073
34481 34546
36977 37008
158119 158188
116591 116612
45850 45948
243492 243498
63595 63608
165907 165929
210597 210598
185747 185822
69668 69728
62352 62446
156385 156458
176985 177055
124473 124536
10380 10405
15652 15732
27804 27879
179336 179420
17019 17080
34425 34498
49718 49787
260007 260064
90129 90204
189098 189187
66913 66945
6398 6406
140058 140143
247732 247801
201016 201039
82807 82892
6873 6885
258755 258764
10087 10154
179072 179160
138990 139019
25475 25476
49375 49378
142190 142284
231800 231872
153237 153270
65768 65852
165836 165870
60275 60349
260727 260804
261486 261574
210545 210596
179850 179883
40892 40932
120962 121016
217044 217077
171319 171361
186518 186604
3714 3762
98056 98133
135710 135726
9941 10017
148785 148789
145163 145237
65058 65076
208209 208289
225138 225209
70615 70673
101624 101716
70638 70646
69328 69360
220395 220429
5914 5946
199199 199223
211335 211391
245144 245197
24261 24325
24237 24314
168720 168764
119964 120014
51004 51063
36034 36106
222641 222655
156843 156881
218157 218239
22564 22621
253020 253113
3846 3886
125586 125601
6420 6430
238157 238175
159679 159727
244507 244553
173322 173328
91174 91254
122718 122775
97172 97264
156178 156200
3259 3271
119791 119856
16215 16275
246760 246772
123172 123237
3883 3965
191509 191531
61392 61447
261868 261877
167798 167825
142846 142926
133171 133220
110119 110213
114056 114057
152499 152539
2817 2914
58968 59004
115033 115132
2820 2908
82276 82329
88113 88129
112608 112697
96463 96496
185002 185033
132930 132930
78276 78329
169632 169727
247653 247746
205194 205207
224899 224931
107656 107726
251309 251314
88181 88276
241808 241815
203848 203916
216996 217036
148101 148101
47296 47319
241463 241537
78609 78688
60810 60826
125882 125888
106190 106277
248051 248108
210958 211004
144790 144795
176380 176451
223095 223174
238154 238221
93420 93422
2557 2655
209675 209746
115734 115806
133079 133163
227125 227177
207303 207379
106431 106479
256235 256319
182433 182468
261862 261949
190805 190888
187718 187772
16321 16376
107459 107533
89286 89305
172189 172250
249153 249176
242502 242570
114549 114580
197797 197895
62983 63052
105322 105378
213998 214008
119893 119898
79412 79497
3392 3474
1978 2015
113116 113144
77637 77706
10631 10649
159312 159394
258767 258777
40398 40461
249066 249072
90419 90502
234478 234560
65533 65564
60675 60749
177071 177153
151676 151714
38037 38060
2414 2454
84037 84046
58315 58371
73963 73985
66454 66525
251767 251824
117454 117469
40059 40123
184969 184988
26953 27030
21738 21742
234960 235003
109874 109876
838 895
144228 144325
154476 154542
78892 78937
30 36
138044 138102
206155 206235
45125 45210
5432 5447
225801 225863
4812 4885
175970 176001
43787 43822
124252 124316
17977 17990
166492 166500
233533 233544
57691 57697
195219 195262
102236 102241
11648 11705
7100 7129
182636 182733
151439 151517
214805 214824
233559 233603
1580 1655
251384 251432
82950 83012
61971 62064
85475 85553
119743 119744
14896 14903
182732 182751
51875 51938
143222 143225
962 1054
19184 19245
202548 202600
109523 109577
23577 23662
112685 112753
228325 228403
70526 70600
215418 215446
150058 150078
98817 98839
95616 95617
185092 185174
61686 61718
39030 39079
38347 38365
93088 93160
223592 223626
228155 228178
188703 188751
151910 152002
14747 14767
141170 141255
167222 167285
217771 217786
133196 133220
62795 62801
168159 168225
245018 245116
222711 222796
172612 172650
61899 61943
56447 56482
37050 37089
94318 94385
12049 12116
2854 2861
102176 102258
112070 112156
238469 238527
62392 62473
122142 122180
76191 76251
110931 111010
258005 258064
80971 80980
70415 70483
172030 172042
166217 166248
149322 149384
172690 172780
244620 244682
188168 188240
57425 57467
91908 92002
105791 105851
143273 143355
17344 17359
256093 256101
16386 16438
199774 199785
158284 158353
240227 240245
134909 134944
15108 15192
142693 142746
183459 183541
101200 101223
209823 209887
147578 147644
192378 192443
193888 193973
219160 219237
30829 30923
77364 77463
202920 202977
144573 144637
23041 23083
167232 167239
4814 4899
180038 180117
107997 108014
10534 10591
210837 210906
105680 105738
259946 260029
87498 87511
109423 109450
140779 140800
257625 257705
187467 187540
233139 233222
35319 35382
192554 192626
151986 152041
122749 122814
82733 82832
171235 171236
177800 177875
51481 51515
216201 216210
57252 57312
240974 241061
86071 86088
44784 44846
75609 75690
17811 17850
40005 40081
40640 40681
255682 255759
167785 167795
365 401
84891 84968
81641 81664
29385 29396
21885 21922
182406 182481
24998 25092
245814 245852
18702 18777
192622 192636
260706 260793
140916 140940
1419 1427
8983 9047
112041 112107
111247 111280
165143 165232
21862 21905
196686 196753
117764 117833
34689 34767
35566 35572
199263 199274
170757 170794
47690 47786
50133 50227
49524 49580
84820 84871
110462 110498
45903 45958
8429 8523
72765 72774
91144 91146
